 69 58 5
 0  19 1  0
 20 36 41 0
 37 48 43 0
 49 50 44 0
 51 57 45 1
 -4.32 -0.21 0.09
 -4.32 -0.21 -0.09
 -4.32 -0.09 -0.21
 -4.32 0.09 -0.21
 -4.32 0.21 -0.09
 -4.32 0.21 0.09
 -4.32 0.09 0.21
 -4.32 -0.09 0.21
 4.40 -0.21 0.09
 4.40 -0.21 -0.09
 4.40 -0.09 -0.21
 4.40 0.09 -0.21
 4.40 0.21 -0.09
 4.40 0.21 0.09
 4.40 0.09 0.21
 4.40 -0.09 0.21
 -4.17 -0.69 0.69
 -4.17 -0.69 -0.69
 -4.17 0.69 -0.69
 -4.17 0.69 0.69
 -4.17 0.13 -0.18
 -2.93 0.13 -0.18
 -2.93 0.18 -0.13
 -2.17 0.15 -0.15
 -2.93 0.69 -0.69
 -4.17 0.13 0.18
 -2.93 0.13 0.18
 -2.93 0.18 0.13
 -2.17 0.15 0.15
 -2.93 0.69 0.69
 -4.17 -0.13 0.18
 -2.93 -0.13 0.18
 -2.93 -0.18 0.13
 -2.17 -0.15 0.15
 -2.93 -0.69 0.69
 -4.17 -0.18 -0.13
 -2.93 -0.13 -0.18
 -2.93 -0.18 -0.13
 -2.17 -0.15 -0.15
 -2.93 -0.69 -0.69
 -4.17 -0.13 -0.18
 -4.17 -0.18 0.13
 -4.17 0.18 -0.13
 -4.17 0.18 0.13
 4.21 0.15 -0.15
 3.53 0.50 -0.50
 3.53 0.15 -0.15
 3.53 0.14 -0.16
 4.21 0.15 0.15
 3.53 0.50 0.50
 3.53 0.15 0.15
 3.53 0.14 0.16
 4.21 -0.15 0.15
 3.53 -0.50 0.50
 3.53 -0.15 0.15
 3.53 -0.14 0.16
 4.21 -0.15 -0.15
 3.53 -0.50 -0.50
 3.53 -0.15 -0.15
 3.53 -0.14 -0.16
 5.02 -0.1 0.04
 5.02 -0.1 -0.04
 5.02 -0.04 -0.1
 5.02 0.04 -0.1
 5.02 0.1 -0.04
 5.02 0.1 0.04
 5.02 0.04 0.1
 5.02 -0.04 0.1
 5.10 0.0 0.0
 3 23 24 21
 3 22 24 23
 4 24 18 20 21
 4 42 18 24 22
 4 29 19 43 27
 3 28 26 29
 4 25 19 29 26
 3 27 28 29
 4 34 16 30 31
 3 33 34 31
 4 41 16 34 32
 3 32 34 33
 4 39 17 35 37
 3 38 39 37
 4 40 17 39 36
 3 36 39 38
 3 43 19 25
 3 30 16 41
 3 35 17 40
 3 20 18 42
 8 0 1 2 3 4 5 6 7
 4 0 8 9 1 
 4 1 9 10 2
 4 2 10 11 3
 4 3 11 12 4
 4 4 12 13 5
 4 5 13 14 6
 4 6 14 15 7
 4 7 15 8 0
 4 61 9 8 60
 4 62 10 9 61
 4 63 11 10 62
 4 64 12 11 63
 4 65 13 12 64
 4 66 14 13 65
 4 67 15 14 66
 4 60 8 15 67
 3 45 47 44
 3 44 46 45
 3 48 51 49
 3 49 50 48
 3 53 55 52
 3 52 54 53
 3 56 59 57
 3 57 58 56
 3 55 53 54
 3 58 57 59
 3 47 45 46
 3 50 49 51
 8 60 61 62 63 64 65 66 67
 3 61 60 68
 3 62 61 68
 3 63 62 68
 3 64 63 68
 3 65 64 68
 3 66 65 68
 3 67 66 68
 3 60 67 68

##########################################
#
#   File Name :     aim9x10.dat
#
#   Version   :     1.0
#
#   Designed &
#   Written by:     Ron Muscat
#
#   Task      :     Air Combat
#
#   Group     :     Operational Research
#
#   Date      :     16th. August 1989
#
#   Objective :     Coordinate and polygon information
#		    for the graphical generation of an
#		    aim9 Sidewinder.
#
#   Usage     :     69 Vertices, 58 Polygons.
